{
	"class_name" : "PoseGraph",
	"edges" : 
	[
		{
			"class_name" : "PoseGraphEdge",
			"confidence" : 1.0,
			"information" : 
			[
				118531.47160322512,
				4605.0711500762154,
				-2873.6267627901125,
				0.0,
				-349.55956036111104,
				305.00565411111097,
				4605.0711500762154,
				113072.51271960665,
				10534.532472408831,
				349.55956036111104,
				0.0,
				-4800.8191177083336,
				-2873.6267627901125,
				10534.532472408831,
				223659.48167105211,
				-305.00565411111097,
				4800.8191177083336,
				0.0,
				0.0,
				349.55956036111104,
				-305.00565411111097,
				876.0,
				0.0,
				0.0,
				-349.55956036111104,
				0.0,
				4800.8191177083336,
				0.0,
				876.0,
				0.0,
				305.00565411111097,
				-4800.8191177083336,
				0.0,
				0.0,
				0.0,
				876.0
			],
			"source_node_id" : 0,
			"target_node_id" : 1,
			"transformation" : 
			[
				0.99757969779682087,
				-0.065237402347166601,
				0.024058842004452134,
				0.0,
				0.065292304130133511,
				0.99786504944499477,
				-0.0015027034040878753,
				0.0,
				-0.023909445099780997,
				0.0030699236369017844,
				0.99970941478205766,
				0.0,
				-1.1568727893536748,
				0.058452064139613909,
				-0.04692082490673561,
				1.0
			],
			"uncertain" : false,
			"version_major" : 1,
			"version_minor" : 0
		},
		{
			"class_name" : "PoseGraphEdge",
			"confidence" : 0.71424551135741976,
			"information" : 
			[
				136982.86916982839,
				1716.4922626675011,
				-1431.8891835719683,
				0.0,
				-254.91001596666675,
				-1318.5913136500001,
				1716.4922626675011,
				94424.01530276351,
				15212.17794871265,
				254.91001596666675,
				0.0,
				-3866.9765926833334,
				-1431.8891835719683,
				15212.17794871265,
				220801.24993595885,
				1318.5913136500001,
				3866.9765926833334,
				0.0,
				0.0,
				254.91001596666675,
				1318.5913136500001,
				891.0,
				0.0,
				0.0,
				-254.91001596666675,
				0.0,
				3866.9765926833334,
				0.0,
				891.0,
				0.0,
				-1318.5913136500001,
				-3866.9765926833334,
				0.0,
				0.0,
				0.0,
				891.0
			],
			"source_node_id" : 0,
			"target_node_id" : 2,
			"transformation" : 
			[
				0.99277654410091121,
				-0.11841665528734846,
				0.01929324321117875,
				0.0,
				0.11844227105276781,
				0.9929609225260021,
				-0.00018645152720409534,
				0.0,
				-0.019135357611265835,
				0.0024702402447254229,
				0.99981385067532347,
				0.0,
				-1.6000169429989901,
				-0.011587268977509342,
				-0.10021911158867346,
				1.0
			],
			"uncertain" : true,
			"version_major" : 1,
			"version_minor" : 0
		},
		{
			"class_name" : "PoseGraphEdge",
			"confidence" : 1.0,
			"information" : 
			[
				485173.48836851207,
				6359.6499672520422,
				-5197.085365073769,
				0.0,
				-2985.4259353555549,
				-16409.241812183325,
				6359.6499672520422,
				192270.10506824334,
				57148.342766677903,
				2985.4259353555549,
				0.0,
				-8299.697731072225,
				-5197.085365073769,
				57148.342766677903,
				644669.35732790187,
				16409.241812183325,
				8299.697731072225,
				0.0,
				0.0,
				2985.4259353555549,
				16409.241812183325,
				2017.0,
				0.0,
				0.0,
				-2985.4259353555549,
				0.0,
				8299.697731072225,
				0.0,
				2017.0,
				0.0,
				-16409.241812183325,
				-8299.697731072225,
				0.0,
				0.0,
				0.0,
				2017.0
			],
			"source_node_id" : 1,
			"target_node_id" : 2,
			"transformation" : 
			[
				0.99843669292147885,
				-0.05580146952857791,
				-0.0032196624777747649,
				0.0,
				0.055800266623251812,
				0.99844184433272387,
				-0.00046230968109326891,
				0.0,
				0.0032404433020205912,
				0.00028192892439965814,
				0.99999471000765161,
				0.0,
				-0.42265203442178356,
				-0.12436688870093296,
				-0.046101185844170681,
				1.0
			],
			"uncertain" : false,
			"version_major" : 1,
			"version_minor" : 0
		},
		{
			"class_name" : "PoseGraphEdge",
			"confidence" : 0.6654535414979853,
			"information" : 
			[
				99332.959937596199,
				-3146.8713174512718,
				-5966.1322975949452,
				0.0,
				-861.43614158333321,
				-4568.5735392500001,
				-3146.8713174512718,
				88341.450870184373,
				8823.7576909141535,
				861.43614158333321,
				0.0,
				-2662.4050070000008,
				-5966.1322975949452,
				8823.7576909141535,
				181430.44825852913,
				4568.5735392500001,
				2662.4050070000008,
				0.0,
				0.0,
				861.43614158333321,
				4568.5735392500001,
				668.0,
				0.0,
				0.0,
				-861.43614158333321,
				0.0,
				2662.4050070000008,
				0.0,
				668.0,
				0.0,
				-4568.5735392500001,
				-2662.4050070000008,
				0.0,
				0.0,
				0.0,
				668.0
			],
			"source_node_id" : 1,
			"target_node_id" : 3,
			"transformation" : 
			[
				0.9996108704898593,
				-0.027399696984351594,
				-0.0052310805455562581,
				0.0,
				0.027392727250843903,
				0.99962376929305219,
				-0.0013994134890317363,
				0.0,
				0.0052674559579797839,
				0.0012555753733346506,
				0.99998533861162819,
				0.0,
				-0.78692650732403691,
				0.22431692536962552,
				-0.050151895127642891,
				1.0
			],
			"uncertain" : true,
			"version_major" : 1,
			"version_minor" : 0
		},
		{
			"class_name" : "PoseGraphEdge",
			"confidence" : 1.0,
			"information" : 
			[
				106951.47330206604,
				-38417.264927773642,
				-759.31189296851926,
				0.0,
				-810.39103861111107,
				-3536.8538400277785,
				-38417.264927773642,
				152298.87840501283,
				8213.9941713295193,
				810.39103861111107,
				0.0,
				701.3260520694447,
				-759.31189296851926,
				8213.9941713295193,
				250775.84362834616,
				3536.8538400277785,
				-701.3260520694447,
				0.0,
				0.0,
				810.39103861111107,
				3536.8538400277785,
				769.0,
				0.0,
				0.0,
				-810.39103861111107,
				0.0,
				-701.3260520694447,
				0.0,
				769.0,
				0.0,
				-3536.8538400277785,
				701.3260520694447,
				0.0,
				0.0,
				0.0,
				769.0
			],
			"source_node_id" : 2,
			"target_node_id" : 3,
			"transformation" : 
			[
				0.99952382303290288,
				0.030805492896591794,
				-0.0017744850202889803,
				0.0,
				-0.03080579791393593,
				0.9995253782897171,
				-0.00014480913964831445,
				0.0,
				0.0017691818942509798,
				0.00019940461180771135,
				0.99999841511535725,
				0.0,
				-0.35502266370817348,
				0.32451396810148531,
				0.015859915635926116,
				1.0
			],
			"uncertain" : false,
			"version_major" : 1,
			"version_minor" : 0
		},
		{
			"class_name" : "PoseGraphEdge",
			"confidence" : 1.0,
			"information" : 
			[
				63637.770051000167,
				-21515.116085700771,
				9441.8203621199646,
				0.0,
				-716.66962274999992,
				-1605.5767416416666,
				-21515.116085700771,
				146830.73978254152,
				8768.2823754880665,
				716.66962274999992,
				0.0,
				4315.3204195749986,
				9441.8203621199646,
				8768.2823754880665,
				200472.90940644467,
				1605.5767416416666,
				-4315.3204195749986,
				0.0,
				0.0,
				716.66962274999992,
				1605.5767416416666,
				681.0,
				0.0,
				0.0,
				-716.66962274999992,
				0.0,
				-4315.3204195749986,
				0.0,
				681.0,
				0.0,
				-1605.5767416416666,
				4315.3204195749986,
				0.0,
				0.0,
				0.0,
				681.0
			],
			"source_node_id" : 3,
			"target_node_id" : 4,
			"transformation" : 
			[
				0.99964403866866047,
				0.003600485697257631,
				-0.026435439412896597,
				0.0,
				-0.0036295151790872618,
				0.9999928617957885,
				-0.0010502271342213117,
				0.0,
				0.026431469383556082,
				0.0011458011225873466,
				0.99964997102286457,
				0.0,
				-0.45363952115678735,
				-0.29162121360563809,
				-0.082269557344269884,
				1.0
			],
			"uncertain" : false,
			"version_major" : 1,
			"version_minor" : 0
		},
		{
			"class_name" : "PoseGraphEdge",
			"confidence" : 1.0,
			"information" : 
			[
				75440.809105667606,
				28477.423396538601,
				-7241.8191687899234,
				0.0,
				-802.18013874999986,
				-3834.4410637916662,
				28477.423396538601,
				125592.45339204726,
				7135.7348702782483,
				802.18013874999986,
				0.0,
				-7758.8590993333328,
				-7241.8191687899234,
				7135.7348702782483,
				193071.74572909894,
				3834.4410637916662,
				7758.8590993333328,
				0.0,
				0.0,
				802.18013874999986,
				3834.4410637916662,
				1085.0,
				0.0,
				0.0,
				-802.18013874999986,
				0.0,
				7758.8590993333328,
				0.0,
				1085.0,
				0.0,
				-3834.4410637916662,
				-7758.8590993333328,
				0.0,
				0.0,
				0.0,
				1085.0
			],
			"source_node_id" : 4,
			"target_node_id" : 5,
			"transformation" : 
			[
				0.99784002368348168,
				0.053632501377410428,
				-0.037932069958712691,
				0.0,
				-0.052175543570732723,
				0.99789898297388913,
				0.038410056401637839,
				0.0,
				0.039912401436761218,
				-0.03634796522063527,
				0.99854184971680926,
				0.0,
				0.030192966806410936,
				-0.4182540329460433,
				0.014817966898653069,
				1.0
			],
			"uncertain" : false,
			"version_major" : 1,
			"version_minor" : 0
		},
		{
			"class_name" : "PoseGraphEdge",
			"confidence" : 0.76610598319025536,
			"information" : 
			[
				94869.003887369792,
				-5138.6364101552426,
				11373.791829118778,
				0.0,
				-987.46616520833322,
				-3145.8617220833339,
				-5138.6364101552426,
				115620.42433202651,
				12368.02409101032,
				987.46616520833322,
				0.0,
				215.52215359166641,
				11373.791829118778,
				12368.02409101032,
				197794.92954436369,
				3145.8617220833339,
				-215.52215359166641,
				0.0,
				0.0,
				987.46616520833322,
				3145.8617220833339,
				775.0,
				0.0,
				0.0,
				-987.46616520833322,
				0.0,
				-215.52215359166641,
				0.0,
				775.0,
				0.0,
				-3145.8617220833339,
				215.52215359166641,
				0.0,
				0.0,
				0.0,
				775.0
			],
			"source_node_id" : 4,
			"target_node_id" : 7,
			"transformation" : 
			[
				0.99322808367400384,
				0.092670972462912157,
				-0.070071853579328283,
				0.0,
				-0.092443326742143131,
				0.99569678615678736,
				0.0064916390756283989,
				0.0,
				0.070371905915002961,
				2.9997016871770078e-05,
				0.99752082382177276,
				0.0,
				-0.57584213083238334,
				-0.26801685920296026,
				0.038304970959373283,
				1.0
			],
			"uncertain" : true,
			"version_major" : 1,
			"version_minor" : 0
		},
		{
			"class_name" : "PoseGraphEdge",
			"confidence" : 1.0,
			"information" : 
			[
				108095.07161886294,
				-28748.752559940458,
				4583.8252534500789,
				0.0,
				-452.31756247638907,
				-1533.0741287305555,
				-28748.752559940458,
				118538.96804239595,
				7609.5062627496154,
				452.31756247638907,
				0.0,
				1824.3518165902788,
				4583.8252534500789,
				7609.5062627496154,
				217621.4149923294,
				1533.0741287305555,
				-1824.3518165902788,
				0.0,
				0.0,
				452.31756247638907,
				1533.0741287305555,
				993.0,
				0.0,
				0.0,
				-452.31756247638907,
				0.0,
				-1824.3518165902788,
				0.0,
				993.0,
				0.0,
				-1533.0741287305555,
				1824.3518165902788,
				0.0,
				0.0,
				0.0,
				993.0
			],
			"source_node_id" : 5,
			"target_node_id" : 6,
			"transformation" : 
			[
				0.99928149275058309,
				0.027620704544263856,
				-0.025953707377718516,
				0.0,
				-0.027988559849738939,
				0.99951133537299275,
				-0.013918727615625603,
				0.0,
				0.025556579655879978,
				0.014635133801194966,
				0.99956624297488017,
				0.0,
				0.00473416983254717,
				-1.4331302378669155,
				0.11425979394158203,
				1.0
			],
			"uncertain" : false,
			"version_major" : 1,
			"version_minor" : 0
		},
		{
			"class_name" : "PoseGraphEdge",
			"confidence" : 1.0,
			"information" : 
			[
				443825.79259479814,
				-92197.102994975779,
				9514.9132966096167,
				0.0,
				-2121.5017035305555,
				-9211.3092275125055,
				-92197.102994975779,
				165729.30098649667,
				54773.68397581538,
				2121.5017035305555,
				0.0,
				123.12583605000006,
				9514.9132966096167,
				54773.68397581538,
				578951.99874811177,
				9211.3092275125055,
				-123.12583605000006,
				0.0,
				0.0,
				2121.5017035305555,
				9211.3092275125055,
				1669.0,
				0.0,
				0.0,
				-2121.5017035305555,
				0.0,
				-123.12583605000006,
				0.0,
				1669.0,
				0.0,
				-9211.3092275125055,
				123.12583605000006,
				0.0,
				0.0,
				0.0,
				1669.0
			],
			"source_node_id" : 6,
			"target_node_id" : 7,
			"transformation" : 
			[
				0.99989117305320319,
				0.011147716163953034,
				-0.0096628398835761561,
				0.0,
				-0.011361011050393888,
				0.9996866061906392,
				-0.022307326844605034,
				0.0,
				0.0094111358613356167,
				0.022414678837028839,
				0.99970446267606217,
				0.0,
				-0.64819602058758152,
				1.5893088698964219,
				-0.10586295037791293,
				1.0
			],
			"uncertain" : false,
			"version_major" : 1,
			"version_minor" : 0
		},
		{
			"class_name" : "PoseGraphEdge",
			"confidence" : 0.67533419660644167,
			"information" : 
			[
				283702.61884615791,
				-92909.248306284513,
				19410.033244261802,
				0.0,
				-1416.2169657499999,
				-8359.601049525003,
				-92909.248306284513,
				184648.23520858411,
				41696.447356312026,
				1416.2169657499999,
				0.0,
				-128.88204549999969,
				19410.033244261802,
				41696.447356312026,
				446132.49564052321,
				8359.601049525003,
				128.88204549999969,
				0.0,
				0.0,
				1416.2169657499999,
				8359.601049525003,
				1359.0,
				0.0,
				0.0,
				-1416.2169657499999,
				0.0,
				128.88204549999969,
				0.0,
				1359.0,
				0.0,
				-8359.601049525003,
				-128.88204549999969,
				0.0,
				0.0,
				0.0,
				1359.0
			],
			"source_node_id" : 6,
			"target_node_id" : 8,
			"transformation" : 
			[
				0.99988419401768913,
				0.0015810364392280548,
				-0.015136012598223907,
				0.0,
				-0.001878187180646865,
				0.99980539187383255,
				-0.019637993607451856,
				0.0,
				0.015102018623687787,
				0.019664147675139635,
				0.99969257791067923,
				0.0,
				-1.2402461207526945,
				1.600469655373844,
				-0.069695959827932003,
				1.0
			],
			"uncertain" : true,
			"version_major" : 1,
			"version_minor" : 0
		},
		{
			"class_name" : "PoseGraphEdge",
			"confidence" : 1.0,
			"information" : 
			[
				514541.98808402655,
				-79251.375592022756,
				24079.649684424759,
				0.0,
				-3055.7820048492031,
				-23702.662638611102,
				-79251.375592022756,
				303780.92017911741,
				73793.762349028126,
				3055.7820048492031,
				0.0,
				-46.957079488095445,
				24079.649684424759,
				73793.762349028126,
				775574.61647222168,
				23702.662638611102,
				46.957079488095445,
				0.0,
				0.0,
				3055.7820048492031,
				23702.662638611102,
				2375.0,
				0.0,
				0.0,
				-3055.7820048492031,
				0.0,
				46.957079488095445,
				0.0,
				2375.0,
				0.0,
				-23702.662638611102,
				-46.957079488095445,
				0.0,
				0.0,
				0.0,
				2375.0
			],
			"source_node_id" : 7,
			"target_node_id" : 8,
			"transformation" : 
			[
				0.99994027494116533,
				-0.010497215545976111,
				-0.0030422058389434643,
				0.0,
				0.010496674132498962,
				0.99994488960281414,
				-0.00019387979328419332,
				0.0,
				0.0030440733797514655,
				0.00016193517046675081,
				0.99999535368633574,
				0.0,
				-0.59516792933564833,
				0.0046801257899241923,
				-0.003794461700346348,
				1.0
			],
			"uncertain" : false,
			"version_major" : 1,
			"version_minor" : 0
		},
		{
			"class_name" : "PoseGraphEdge",
			"confidence" : 0.50531670591305922,
			"information" : 
			[
				171350.5844431626,
				-32205.47342120239,
				744.15119720512655,
				0.0,
				-436.52678654166675,
				-807.3452653416665,
				-32205.47342120239,
				71016.464407083025,
				13917.045018838086,
				436.52678654166675,
				0.0,
				-3076.6122797916669,
				744.15119720512655,
				13917.045018838086,
				233097.19926561174,
				807.3452653416665,
				3076.6122797916669,
				0.0,
				0.0,
				436.52678654166675,
				807.3452653416665,
				772.0,
				0.0,
				0.0,
				-436.52678654166675,
				0.0,
				3076.6122797916669,
				0.0,
				772.0,
				0.0,
				-807.3452653416665,
				-3076.6122797916669,
				0.0,
				0.0,
				0.0,
				772.0
			],
			"source_node_id" : 7,
			"target_node_id" : 10,
			"transformation" : 
			[
				0.99782418404549678,
				-0.064787323798539811,
				0.012227035984340329,
				0.0,
				0.064537103725410369,
				0.99771774670063007,
				0.019855985529677135,
				0.0,
				-0.013485546954973887,
				-0.019023685069993568,
				0.99972808274534508,
				0.0,
				-1.9037564781831098,
				-1.0173904012416621,
				0.19782900291933186,
				1.0
			],
			"uncertain" : true,
			"version_major" : 1,
			"version_minor" : 0
		},
		{
			"class_name" : "PoseGraphEdge",
			"confidence" : 1.0,
			"information" : 
			[
				289641.03210450301,
				-14533.601768109267,
				2372.5006230790113,
				0.0,
				-642.93783623611148,
				-8264.0082924444414,
				-14533.601768109267,
				165860.13880081632,
				19003.369642344966,
				642.93783623611148,
				0.0,
				-7403.6698451111106,
				2372.5006230790113,
				19003.369642344966,
				446232.43345699616,
				8264.0082924444414,
				7403.6698451111106,
				0.0,
				0.0,
				642.93783623611148,
				8264.0082924444414,
				1556.0,
				0.0,
				0.0,
				-642.93783623611148,
				0.0,
				7403.6698451111106,
				0.0,
				1556.0,
				0.0,
				-8264.0082924444414,
				-7403.6698451111106,
				0.0,
				0.0,
				0.0,
				1556.0
			],
			"source_node_id" : 8,
			"target_node_id" : 9,
			"transformation" : 
			[
				0.99949858315042528,
				-0.031525924999256764,
				-0.0029492936835557849,
				0.0,
				0.031525709661912926,
				0.99950293413950764,
				-0.00011948566794809743,
				0.0,
				0.0029515945865593511,
				2.6447179445419176e-05,
				0.99999564368548388,
				0.0,
				-0.5793240663020971,
				-0.28628275640712081,
				0.1772126479250529,
				1.0
			],
			"uncertain" : false,
			"version_major" : 1,
			"version_minor" : 0
		},
		{
			"class_name" : "PoseGraphEdge",
			"confidence" : 0.69603907802102916,
			"information" : 
			[
				144374.03058315758,
				-28578.965209515169,
				6088.185355660371,
				0.0,
				-498.02413668055567,
				-2074.5408473333337,
				-28578.965209515169,
				97276.482434043981,
				12843.385882070555,
				498.02413668055567,
				0.0,
				-2586.6604120555548,
				6088.185355660371,
				12843.385882070555,
				228415.69134452863,
				2074.5408473333337,
				2586.6604120555548,
				0.0,
				0.0,
				498.02413668055567,
				2074.5408473333337,
				918.0,
				0.0,
				0.0,
				-498.02413668055567,
				0.0,
				2586.6604120555548,
				0.0,
				918.0,
				0.0,
				-2074.5408473333337,
				-2586.6604120555548,
				0.0,
				0.0,
				0.0,
				918.0
			],
			"source_node_id" : 8,
			"target_node_id" : 11,
			"transformation" : 
			[
				0.99357878876088213,
				-0.10900545923535349,
				0.030315019072229006,
				0.0,
				0.10866153325099401,
				0.99399671577464466,
				0.012774984178714838,
				0.0,
				-0.031525572413566426,
				-0.0093988768538053533,
				0.99945875322490663,
				0.0,
				-2.4408105810316769,
				-0.94753521894892656,
				0.19908567044521805,
				1.0
			],
			"uncertain" : true,
			"version_major" : 1,
			"version_minor" : 0
		},
		{
			"class_name" : "PoseGraphEdge",
			"confidence" : 1.0,
			"information" : 
			[
				224059.17570252498,
				-78730.336129722666,
				24240.056570884401,
				0.0,
				-512.4642507750001,
				-4201.3503370416656,
				-78730.336129722666,
				196852.68442578576,
				23500.134771116805,
				512.4642507750001,
				0.0,
				539.03525066666646,
				24240.056570884401,
				23500.134771116805,
				401494.41365868406,
				4201.3503370416656,
				-539.03525066666646,
				0.0,
				0.0,
				512.4642507750001,
				4201.3503370416656,
				1240.0,
				0.0,
				0.0,
				-512.4642507750001,
				0.0,
				-539.03525066666646,
				0.0,
				1240.0,
				0.0,
				-4201.3503370416656,
				539.03525066666646,
				0.0,
				0.0,
				0.0,
				1240.0
			],
			"source_node_id" : 9,
			"target_node_id" : 10,
			"transformation" : 
			[
				0.99964068890494084,
				-0.023925682581099412,
				0.012085313346503101,
				0.0,
				0.023666503447639549,
				0.99949612033203683,
				0.021151880667536496,
				0.0,
				-0.012585296985671608,
				-0.020858263452150437,
				0.99970322753582286,
				0.0,
				-0.69278856034679381,
				-0.78577977316695125,
				0.011930466312981253,
				1.0
			],
			"uncertain" : false,
			"version_major" : 1,
			"version_minor" : 0
		},
		{
			"class_name" : "PoseGraphEdge",
			"confidence" : 1.0,
			"information" : 
			[
				153275.43222401608,
				-15569.409804569867,
				371.05482775868791,
				0.0,
				442.82965433333334,
				-1289.9910348888891,
				-15569.409804569867,
				107016.9558282065,
				3568.3048967142358,
				-442.82965433333334,
				0.0,
				-6935.1186419722217,
				371.05482775868791,
				3568.3048967142358,
				253131.30163952187,
				1289.9910348888891,
				6935.1186419722217,
				0.0,
				0.0,
				-442.82965433333334,
				1289.9910348888891,
				1204.0,
				0.0,
				0.0,
				442.82965433333334,
				0.0,
				6935.1186419722217,
				0.0,
				1204.0,
				0.0,
				-1289.9910348888891,
				-6935.1186419722217,
				0.0,
				0.0,
				0.0,
				1204.0
			],
			"source_node_id" : 10,
			"target_node_id" : 11,
			"transformation" : 
			[
				0.998436251301552,
				-0.054510905533577479,
				0.012394081846346921,
				0.0,
				0.054609146348411221,
				0.9984778783231989,
				-0.0077309530008503949,
				0.0,
				-0.011953795296990683,
				0.0083956939625589241,
				0.99989330385840947,
				0.0,
				-1.0907424166018753,
				0.011357830030518316,
				0.05950984081263444,
				1.0
			],
			"uncertain" : false,
			"version_major" : 1,
			"version_minor" : 0
		},
		{
			"class_name" : "PoseGraphEdge",
			"confidence" : 1.0,
			"information" : 
			[
				354394.87365049793,
				-114710.51143162635,
				18832.139057876178,
				0.0,
				-1745.528690166668,
				-15105.125466208341,
				-114710.51143162635,
				187047.73413373594,
				44839.729694602822,
				1745.528690166668,
				0.0,
				3178.1311806805552,
				18832.139057876178,
				44839.729694602822,
				514098.94691401609,
				15105.125466208341,
				-3178.1311806805552,
				0.0,
				0.0,
				1745.528690166668,
				15105.125466208341,
				1725.0,
				0.0,
				0.0,
				-1745.528690166668,
				0.0,
				-3178.1311806805552,
				0.0,
				1725.0,
				0.0,
				-15105.125466208341,
				3178.1311806805552,
				0.0,
				0.0,
				0.0,
				1725.0
			],
			"source_node_id" : 11,
			"target_node_id" : 12,
			"transformation" : 
			[
				0.99971296846423829,
				-0.023865738082866877,
				-0.0020993404151767514,
				0.0,
				0.023865154819860367,
				0.99971514088286206,
				-0.00030244831228826017,
				0.0,
				0.0021059605511241841,
				0.00025226041605691275,
				0.99999775064488938,
				0.0,
				-0.13192559215491578,
				0.14070502270258436,
				0.018326795564393955,
				1.0
			],
			"uncertain" : false,
			"version_major" : 1,
			"version_minor" : 0
		},
		{
			"class_name" : "PoseGraphEdge",
			"confidence" : 0.46590335493043222,
			"information" : 
			[
				239101.06178090186,
				-12692.518314568635,
				1985.4999001542419,
				0.0,
				312.13834930000047,
				-3095.5954518305571,
				-12692.518314568635,
				77084.193942201804,
				7641.8528764881539,
				-312.13834930000047,
				0.0,
				-3236.3978820138877,
				1985.4999001542419,
				7641.8528764881539,
				309044.12438782863,
				3095.5954518305571,
				3236.3978820138877,
				0.0,
				0.0,
				-312.13834930000047,
				3095.5954518305571,
				1271.0,
				0.0,
				0.0,
				312.13834930000047,
				0.0,
				3236.3978820138877,
				0.0,
				1271.0,
				0.0,
				-3095.5954518305571,
				-3236.3978820138877,
				0.0,
				0.0,
				0.0,
				1271.0
			],
			"source_node_id" : 11,
			"target_node_id" : 13,
			"transformation" : 
			[
				0.99996168558526999,
				0.0084132095189310904,
				-0.0024176987109818388,
				0.0,
				-0.008413443396868843,
				0.99996460261045872,
				-8.6581273263774202e-05,
				0.0,
				0.002416884704366394,
				0.00010691912720848045,
				0.99999707361403178,
				0.0,
				-0.45438089361423389,
				-0.20253433114802574,
				0.0071013028137986919,
				1.0
			],
			"uncertain" : true,
			"version_major" : 1,
			"version_minor" : 0
		},
		{
			"class_name" : "PoseGraphEdge",
			"confidence" : 1.0,
			"information" : 
			[
				285941.59800078219,
				-48257.200947858211,
				7112.082806468773,
				0.0,
				-781.10221189444428,
				-4120.3243014500013,
				-48257.200947858211,
				229433.46607361923,
				13631.027967017499,
				781.10221189444428,
				0.0,
				-5045.5404647916666,
				7112.082806468773,
				13631.027967017499,
				503734.30107386818,
				4120.3243014500013,
				5045.5404647916666,
				0.0,
				0.0,
				781.10221189444428,
				4120.3243014500013,
				1739.0,
				0.0,
				0.0,
				-781.10221189444428,
				0.0,
				5045.5404647916666,
				0.0,
				1739.0,
				0.0,
				-4120.3243014500013,
				-5045.5404647916666,
				0.0,
				0.0,
				0.0,
				1739.0
			],
			"source_node_id" : 12,
			"target_node_id" : 13,
			"transformation" : 
			[
				0.99954260627677594,
				0.030169165940869443,
				-0.0020975375718096487,
				0.0,
				-0.030168301009241439,
				0.99954473514394471,
				0.00044278690074935176,
				0.0,
				0.0021099411481540586,
				-0.00037930522795568658,
				0.99999770213530637,
				0.0,
				-0.25594926007543417,
				-0.35628048650734739,
				-0.012451400560601841,
				1.0
			],
			"uncertain" : false,
			"version_major" : 1,
			"version_minor" : 0
		},
		{
			"class_name" : "PoseGraphEdge",
			"confidence" : 1.0,
			"information" : 
			[
				462275.88625672227,
				-152657.34247573564,
				12357.707182894592,
				0.0,
				-564.83727565277763,
				-7469.732500663893,
				-152657.34247573564,
				231176.20144260576,
				21721.804403163937,
				564.83727565277763,
				0.0,
				3671.8920526194438,
				12357.707182894592,
				21721.804403163937,
				679301.7448695997,
				7469.732500663893,
				-3671.8920526194438,
				0.0,
				0.0,
				564.83727565277763,
				7469.732500663893,
				1692.0,
				0.0,
				0.0,
				-564.83727565277763,
				0.0,
				-3671.8920526194438,
				0.0,
				1692.0,
				0.0,
				-7469.732500663893,
				3671.8920526194438,
				0.0,
				0.0,
				0.0,
				1692.0
			],
			"source_node_id" : 13,
			"target_node_id" : 14,
			"transformation" : 
			[
				0.99855460793368245,
				0.053710404141060264,
				-0.0019716646302020417,
				0.0,
				-0.05370984218558883,
				0.99855652786781302,
				0.00033690499555619782,
				0.0,
				0.0019869138907227936,
				-0.00023052023961744146,
				0.99999799951480428,
				0.0,
				-0.14729726288786776,
				-0.22544738405817211,
				0.052594749086729689,
				1.0
			],
			"uncertain" : false,
			"version_major" : 1,
			"version_minor" : 0
		},
		{
			"class_name" : "PoseGraphEdge",
			"confidence" : 1.0,
			"information" : 
			[
				132242.63954824361,
				-44815.499753965916,
				25984.648882709662,
				0.0,
				-991.48584797777789,
				-2046.6447111861114,
				-44815.499753965916,
				208278.37572130561,
				18970.266257170584,
				991.48584797777789,
				0.0,
				441.04398839166669,
				25984.648882709662,
				18970.266257170584,
				322895.50132615981,
				2046.6447111861114,
				-441.04398839166669,
				0.0,
				0.0,
				991.48584797777789,
				2046.6447111861114,
				1175.0,
				0.0,
				0.0,
				-991.48584797777789,
				0.0,
				-441.04398839166669,
				0.0,
				1175.0,
				0.0,
				-2046.6447111861114,
				441.04398839166669,
				0.0,
				0.0,
				0.0,
				1175.0
			],
			"source_node_id" : 14,
			"target_node_id" : 15,
			"transformation" : 
			[
				0.99901512036939311,
				0.040451464838121239,
				-0.018233712342212383,
				0.0,
				-0.040782570463840602,
				0.99900284992994481,
				-0.018168317979651027,
				0.0,
				0.017480595518751262,
				0.018894042031764136,
				0.99966866708725621,
				0.0,
				-0.52163242275293442,
				-0.15534152499308485,
				0.20524544310838014,
				1.0
			],
			"uncertain" : false,
			"version_major" : 1,
			"version_minor" : 0
		},
		{
			"class_name" : "PoseGraphEdge",
			"confidence" : 0.38973819611067251,
			"information" : 
			[
				195166.32544695161,
				-47631.953745620463,
				8820.0914959676702,
				0.0,
				-1223.9204889305556,
				-4695.7403303611118,
				-47631.953745620463,
				90055.437039832352,
				24395.225212399651,
				1223.9204889305556,
				0.0,
				-117.92417544444463,
				8820.0914959676702,
				24395.225212399651,
				272193.29188636283,
				4695.7403303611118,
				117.92417544444463,
				0.0,
				0.0,
				1223.9204889305556,
				4695.7403303611118,
				918.0,
				0.0,
				0.0,
				-1223.9204889305556,
				0.0,
				117.92417544444463,
				0.0,
				918.0,
				0.0,
				-4695.7403303611118,
				-117.92417544444463,
				0.0,
				0.0,
				0.0,
				918.0
			],
			"source_node_id" : 14,
			"target_node_id" : 16,
			"transformation" : 
			[
				0.99743911889143577,
				0.068971112207562787,
				-0.018925902512838117,
				0.0,
				-0.069336837885618105,
				0.99740464944879714,
				-0.019400210564463772,
				0.0,
				0.01753872906162746,
				0.020662791166098742,
				0.99963265355035658,
				0.0,
				-0.76457343850448511,
				-0.15875317172632533,
				0.14663919424057822,
				1.0
			],
			"uncertain" : true,
			"version_major" : 1,
			"version_minor" : 0
		},
		{
			"class_name" : "PoseGraphEdge",
			"confidence" : 1.0,
			"information" : 
			[
				486763.77939096984,
				-140456.11660336764,
				27685.559067207574,
				0.0,
				-675.74546943055589,
				-5739.2746098861135,
				-140456.11660336764,
				304306.66110689775,
				33632.617504063048,
				675.74546943055589,
				0.0,
				5430.2243248055547,
				27685.559067207574,
				33632.617504063048,
				771371.02214231738,
				5739.2746098861135,
				-5430.2243248055547,
				0.0,
				0.0,
				675.74546943055589,
				5739.2746098861135,
				1788.0,
				0.0,
				0.0,
				-675.74546943055589,
				0.0,
				-5430.2243248055547,
				0.0,
				1788.0,
				0.0,
				-5739.2746098861135,
				5430.2243248055547,
				0.0,
				0.0,
				0.0,
				1788.0
			],
			"source_node_id" : 15,
			"target_node_id" : 16,
			"transformation" : 
			[
				0.99969898869140905,
				0.024435233767295509,
				-0.0022025803303696101,
				0.0,
				-0.024434712703073708,
				0.9997013931942601,
				0.00026317404042967634,
				0.0,
				0.0022083533440921586,
				-0.0002092754044893531,
				0.99999753968662886,
				0.0,
				-0.2328998003875839,
				0.017330010988519252,
				-0.0277685762192066,
				1.0
			],
			"uncertain" : false,
			"version_major" : 1,
			"version_minor" : 0
		},
		{
			"class_name" : "PoseGraphEdge",
			"confidence" : 1.0,
			"information" : 
			[
				535659.49038120161,
				-161345.39427433911,
				33617.805708180415,
				0.0,
				-2649.9872727500001,
				-11161.848866458335,
				-161345.39427433911,
				203265.54568309922,
				67582.351439436301,
				2649.9872727500001,
				0.0,
				5667.1130941250012,
				33617.805708180415,
				67582.351439436301,
				703912.46170241432,
				11161.848866458335,
				-5667.1130941250012,
				0.0,
				0.0,
				2649.9872727500001,
				11161.848866458335,
				1172.0,
				0.0,
				0.0,
				-2649.9872727500001,
				0.0,
				-5667.1130941250012,
				0.0,
				1172.0,
				0.0,
				-11161.848866458335,
				5667.1130941250012,
				0.0,
				0.0,
				0.0,
				1172.0
			],
			"source_node_id" : 16,
			"target_node_id" : 17,
			"transformation" : 
			[
				0.99987198307643033,
				0.015854044601942143,
				-0.0021602612265620835,
				0.0,
				-0.015853447603240988,
				0.99987428321404748,
				0.00029320007776654198,
				0.0,
				0.0021646380525740683,
				-0.00025891495502998148,
				0.99999762364974965,
				0.0,
				-0.38599895885047614,
				-0.14914725920208566,
				-0.022186834664986822,
				1.0
			],
			"uncertain" : false,
			"version_major" : 1,
			"version_minor" : 0
		},
		{
			"class_name" : "PoseGraphEdge",
			"confidence" : 1.0,
			"information" : 
			[
				128033.80125966444,
				13258.269391522481,
				1376.301200837913,
				0.0,
				-363.28383643055565,
				-594.66765553333357,
				13258.269391522481,
				98075.799629840403,
				13552.014711439786,
				363.28383643055565,
				0.0,
				-3577.5138041805549,
				1376.301200837913,
				13552.014711439786,
				216925.18996156094,
				594.66765553333357,
				3577.5138041805549,
				0.0,
				0.0,
				363.28383643055565,
				594.66765553333357,
				1103.0,
				0.0,
				0.0,
				-363.28383643055565,
				0.0,
				3577.5138041805549,
				0.0,
				1103.0,
				0.0,
				-594.66765553333357,
				-3577.5138041805549,
				0.0,
				0.0,
				0.0,
				1103.0
			],
			"source_node_id" : 17,
			"target_node_id" : 18,
			"transformation" : 
			[
				0.9998807972221474,
				0.0065954105727193766,
				-0.013960369113188102,
				0.0,
				-0.0062749019301893043,
				0.99971854715981034,
				0.022879074947324531,
				0.0,
				0.014107336820452723,
				-0.022788747750941626,
				0.99964076348645303,
				0.0,
				-0.31672528196663491,
				-0.54022826968668602,
				-0.076472309984229589,
				1.0
			],
			"uncertain" : false,
			"version_major" : 1,
			"version_minor" : 0
		},
		{
			"class_name" : "PoseGraphEdge",
			"confidence" : 0.72003569523280642,
			"information" : 
			[
				318076.22461211885,
				-83571.506904035239,
				17857.860524362106,
				0.0,
				-1468.9476647083329,
				-8700.0348640833272,
				-83571.506904035239,
				151001.23149358202,
				33726.776894690687,
				1468.9476647083329,
				0.0,
				1806.8826413750003,
				17857.860524362106,
				33726.776894690687,
				448227.47118454368,
				8700.0348640833272,
				-1806.8826413750003,
				0.0,
				0.0,
				1468.9476647083329,
				8700.0348640833272,
				1152.0,
				0.0,
				0.0,
				-1468.9476647083329,
				0.0,
				-1806.8826413750003,
				0.0,
				1152.0,
				0.0,
				-8700.0348640833272,
				1806.8826413750003,
				0.0,
				0.0,
				0.0,
				1152.0
			],
			"source_node_id" : 17,
			"target_node_id" : 19,
			"transformation" : 
			[
				0.99996817032201857,
				0.0048754092307848008,
				0.006315752343895034,
				0.0,
				-0.0050143512197771949,
				0.99974156256327606,
				0.022173505933578461,
				0.0,
				-0.0062060152015408557,
				-0.022204469558494293,
				0.99973418812549475,
				0.0,
				-0.94886095528014502,
				-0.73559266164476489,
				0.029190261087917009,
				1.0
			],
			"uncertain" : true,
			"version_major" : 1,
			"version_minor" : 0
		},
		{
			"class_name" : "PoseGraphEdge",
			"confidence" : 1.0,
			"information" : 
			[
				152672.04014803385,
				-13166.250043393738,
				6392.4310420515922,
				0.0,
				-795.24089173611128,
				-1920.8402336944446,
				-13166.250043393738,
				178743.43947620399,
				6568.206715938295,
				795.24089173611128,
				0.0,
				-1087.0000100833336,
				6392.4310420515922,
				6568.206715938295,
				322637.35551798623,
				1920.8402336944446,
				1087.0000100833336,
				0.0,
				0.0,
				795.24089173611128,
				1920.8402336944446,
				1000.0,
				0.0,
				0.0,
				-795.24089173611128,
				0.0,
				1087.0000100833336,
				0.0,
				1000.0,
				0.0,
				-1920.8402336944446,
				-1087.0000100833336,
				0.0,
				0.0,
				0.0,
				1000.0
			],
			"source_node_id" : 18,
			"target_node_id" : 19,
			"transformation" : 
			[
				0.99972512372077527,
				-0.00031947961369785442,
				0.023443014615360497,
				0.0,
				0.00036157415542293351,
				0.99999833008357164,
				-0.0017913944840232112,
				0.0,
				-0.02344240315346751,
				0.0017993784603829318,
				0.9997235697789395,
				0.0,
				-0.59516569979089817,
				-0.20391257239571886,
				0.068595658453557223,
				1.0
			],
			"uncertain" : false,
			"version_major" : 1,
			"version_minor" : 0
		},
		{
			"class_name" : "PoseGraphEdge",
			"confidence" : 1.0,
			"information" : 
			[
				429031.76125459006,
				-112896.2996232892,
				19320.113744467446,
				0.0,
				-2201.0949372499999,
				-11786.652725425,
				-112896.2996232892,
				153024.7865790186,
				55279.289613342022,
				2201.0949372499999,
				0.0,
				676.96968039166677,
				19320.113744467446,
				55279.289613342022,
				549391.75710726017,
				11786.652725425,
				-676.96968039166677,
				0.0,
				0.0,
				2201.0949372499999,
				11786.652725425,
				1684.0,
				0.0,
				0.0,
				-2201.0949372499999,
				0.0,
				-676.96968039166677,
				0.0,
				1684.0,
				0.0,
				-11786.652725425,
				676.96968039166677,
				0.0,
				0.0,
				0.0,
				1684.0
			],
			"source_node_id" : 19,
			"target_node_id" : 20,
			"transformation" : 
			[
				0.99990633955066355,
				-0.0072259269643988608,
				-0.011623171077555167,
				0.0,
				0.0069744966882464574,
				0.99974390073324193,
				-0.021528802628749642,
				0.0,
				0.011775759947391093,
				0.021445720463234414,
				0.99970066147396086,
				0.0,
				-0.3140003902089461,
				-0.17206657144450649,
				0.027878030629020712,
				1.0
			],
			"uncertain" : false,
			"version_major" : 1,
			"version_minor" : 0
		},
		{
			"class_name" : "PoseGraphEdge",
			"confidence" : 1.0,
			"information" : 
			[
				459789.08553205722,
				-205778.83402580835,
				60123.110679363373,
				0.0,
				-2000.374558513889,
				-12296.317157541667,
				-205778.83402580835,
				423774.94376903342,
				52904.881374762459,
				2000.374558513889,
				0.0,
				8515.4103482916653,
				60123.110679363373,
				52904.881374762459,
				849691.14245620556,
				12296.317157541667,
				-8515.4103482916653,
				0.0,
				0.0,
				2000.374558513889,
				12296.317157541667,
				1855.0,
				0.0,
				0.0,
				-2000.374558513889,
				0.0,
				-8515.4103482916653,
				0.0,
				1855.0,
				0.0,
				-12296.317157541667,
				8515.4103482916653,
				0.0,
				0.0,
				0.0,
				1855.0
			],
			"source_node_id" : 20,
			"target_node_id" : 21,
			"transformation" : 
			[
				0.99994549266474908,
				-0.010138616762624592,
				-0.0024940227732089281,
				0.0,
				0.010139390567148231,
				0.99994855070898581,
				0.00029781524652598511,
				0.0,
				0.0024908750228548786,
				-0.00032308688439145567,
				0.99999684557326707,
				0.0,
				-0.74337881572436171,
				0.0017696327144236274,
				-0.0047900274729842053,
				1.0
			],
			"uncertain" : false,
			"version_major" : 1,
			"version_minor" : 0
		},
		{
			"class_name" : "PoseGraphEdge",
			"confidence" : 0.28111663213730836,
			"information" : 
			[
				363131.721233383,
				-125292.44217129071,
				14451.495198269988,
				0.0,
				-745.23263111111123,
				-5523.8277847500003,
				-125292.44217129071,
				216270.39754004928,
				22071.50704267768,
				745.23263111111123,
				0.0,
				2868.1147022916662,
				14451.495198269988,
				22071.50704267768,
				564607.32234603213,
				5523.8277847500003,
				-2868.1147022916662,
				0.0,
				0.0,
				745.23263111111123,
				5523.8277847500003,
				1354.0,
				0.0,
				0.0,
				-745.23263111111123,
				0.0,
				-2868.1147022916662,
				0.0,
				1354.0,
				0.0,
				-5523.8277847500003,
				2868.1147022916662,
				0.0,
				0.0,
				0.0,
				1354.0
			],
			"source_node_id" : 20,
			"target_node_id" : 22,
			"transformation" : 
			[
				0.99995104280239555,
				-0.0097084494768270319,
				-0.0019125917384877459,
				0.0,
				0.0097075225768971304,
				0.99995275920496307,
				-0.00049331916484076299,
				0.0,
				0.0019172907503212456,
				0.00047472848583516881,
				0.9999980493126176,
				0.0,
				-1.5520921255380362,
				-0.24314009837805586,
				0.1375629899012043,
				1.0
			],
			"uncertain" : true,
			"version_major" : 1,
			"version_minor" : 0
		},
		{
			"class_name" : "PoseGraphEdge",
			"confidence" : 1.0,
			"information" : 
			[
				286205.50313889707,
				-52260.041628891559,
				10337.696536254658,
				0.0,
				-36.548709463888905,
				-3811.738410638889,
				-52260.041628891559,
				220443.26384053871,
				9317.8465768262704,
				36.548709463888905,
				0.0,
				-1609.1278722166658,
				10337.696536254658,
				9317.8465768262704,
				498198.17615760164,
				3811.738410638889,
				1609.1278722166658,
				0.0,
				0.0,
				36.548709463888905,
				3811.738410638889,
				1557.0,
				0.0,
				0.0,
				-36.548709463888905,
				0.0,
				1609.1278722166658,
				0.0,
				1557.0,
				0.0,
				-3811.738410638889,
				-1609.1278722166658,
				0.0,
				0.0,
				0.0,
				1557.0
			],
			"source_node_id" : 21,
			"target_node_id" : 22,
			"transformation" : 
			[
				0.99999391638875701,
				-0.0028309629019443233,
				-0.0020378504667008185,
