{
	"class_name" : "PoseGraph",
	"edges" : 
	[
		{
			"class_name" : "PoseGraphEdge",
			"confidence" : 1.0,
			"information" : 
			[
				2630.5614765291484,
				1627.5045415485774,
				-1755.6183223740591,
				0.0,
				-82.375829127024019,
				-2.8037586655628415,
				1627.5045415485774,
				8973.2226677087383,
				204.25308239526018,
				82.375829127024019,
				0.0,
				-297.07165273889973,
				-1755.6183223740591,
				204.25308239526018,
				10525.876357083702,
				2.8037586655628415,
				297.07165273889973,
				0.0,
				0.0,
				82.375829127024019,
				2.8037586655628415,
				38.0,
				0.0,
				0.0,
				-82.375829127024019,
				0.0,
				297.07165273889973,
				0.0,
				38.0,
				0.0,
				-2.8037586655628415,
				-297.07165273889973,
				0.0,
				0.0,
				0.0,
				38.0
			],
			"source_node_id" : 0,
			"target_node_id" : 1,
			"transformation" : 
			[
				0.98792575327296972,
				0.15490648903798715,
				0.0025856670237668316,
				0.0,
				-0.15491820823378091,
				0.98791357628676546,
				0.0052071629441371474,
				0.0,
				-0.0017477922270112728,
				-0.005544857276412911,
				0.99998309974724786,
				0.0,
				-5.693890132323669,
				1.6673525706880126,
				1.4626691624690766,
				1.0
			],
			"uncertain" : false,
			"version_major" : 1,
			"version_minor" : 0
		},
		{
			"class_name" : "PoseGraphEdge",
			"confidence" : 1.0,
			"information" : 
			[
				11234.116901588757,
				4560.0409696884426,
				-5553.0992121525051,
				0.0,
				-505.1882159216326,
				-83.987747800515208,
				4560.0409696884426,
				20952.054629503531,
				-697.86236369082303,
				505.1882159216326,
				0.0,
				-1212.8944980693291,
				-5553.0992121525051,
				-697.86236369082303,
				26431.202766007311,
				83.987747800515208,
				1212.8944980693291,
				0.0,
				0.0,
				505.1882159216326,
				83.987747800515208,
				115.0,
				0.0,
				0.0,
				-505.1882159216326,
				0.0,
				1212.8944980693291,
				0.0,
				115.0,
				0.0,
				-83.987747800515208,
				-1212.8944980693291,
				0.0,
				0.0,
				0.0,
				115.0
			],
			"source_node_id" : 1,
			"target_node_id" : 2,
			"transformation" : 
			[
				0.99917307476240547,
				0.040654777068814797,
				-0.00059646569712752239,
				0.0,
				-0.040651978144697114,
				0.99916484160115393,
				0.004127466664565981,
				0.0,
				0.00076376879089783438,
				-0.0040998060477300405,
				0.99999130408599357,
				0.0,
				5.5254328258951562,
				-5.6639773269824945,
				0.60972495756370459,
				1.0
			],
			"uncertain" : false,
			"version_major" : 1,
			"version_minor" : 0
		},
		{
			"class_name" : "PoseGraphEdge",
			"confidence" : 1.0,
			"information" : 
			[
				16239.093339093581,
				-284.72050874084687,
				-4297.8361841529149,
				0.0,
				-320.86563297825205,
				349.94418640892343,
				-284.72050874084687,
				18716.059825672051,
				-1660.1433385536743,
				320.86563297825205,
				0.0,
				-1217.8942533341201,
				-4297.8361841529149,
				-1660.1433385536743,
				31399.938961589673,
				-349.94418640892343,
				1217.8942533341201,
				0.0,
				0.0,
				320.86563297825205,
				-349.94418640892343,
				121.0,
				0.0,
				0.0,
				-320.86563297825205,
				0.0,
				1217.8942533341201,
				0.0,
				121.0,
				0.0,
				349.94418640892343,
				-1217.8942533341201,
				0.0,
				0.0,
				0.0,
				121.0
			],
			"source_node_id" : 2,
			"target_node_id" : 3,
			"transformation" : 
			[
				0.99335284226835774,
				-0.1150688879893107,
				0.00304660044638779,
				0.0,
				0.11506430348467056,
				0.99335669118830128,
				0.0016401631065687985,
				0.0,
				-0.0032150926835905051,
				-0.0012787057253341194,
				0.99999401402743393,
				0.0,
				0.27297461558088165,
				3.6918052950510574,
				-1.5841215295470059,
				1.0
			],
			"uncertain" : false,
			"version_major" : 1,
			"version_minor" : 0
		},
		{
			"class_name" : "PoseGraphEdge",
			"confidence" : 1.0,
			"information" : 
			[
				20042.591249779747,
				25459.97372527052,
				-9665.9029416835529,
				0.0,
				-224.65224198841366,
				-637.24971378584951,
				25459.97372527052,
				102072.32950585533,
				1213.5866363672649,
				224.65224198841366,
				0.0,
				-3161.0507766421824,
				-9665.9029416835529,
				1213.5866363672649,
				118009.00172204252,
				637.24971378584951,
				3161.0507766421824,
				0.0,
				0.0,
				224.65224198841366,
				637.24971378584951,
				212.0,
				0.0,
				0.0,
				-224.65224198841366,
				0.0,
				3161.0507766421824,
				0.0,
				212.0,
				0.0,
				-637.24971378584951,
				-3161.0507766421824,
				0.0,
				0.0,
				0.0,
				212.0
			],
			"source_node_id" : 3,
			"target_node_id" : 4,
			"transformation" : 
			[
				0.99393669347236124,
				0.10995384106122411,
				4.695860302294723e-05,
				0.0,
				-0.10995384520519036,
				0.99393668935566182,
				9.7351428503342506e-05,
				0.0,
				-3.596971492864836e-05,
				-0.00010192443591925024,
				0.99999999415879492,
				0.0,
				-1.5285839409129085,
				-1.4532183953845754,
				-1.2779089299123736,
				1.0
			],
			"uncertain" : false,
			"version_major" : 1,
			"version_minor" : 0
		},
		{
			"class_name" : "PoseGraphEdge",
			"confidence" : 0.45500683674584369,
			"information" : 
			[
				24473.848442572002,
				41713.780475687883,
				-12883.510658223111,
				0.0,
				-397.6247907377566,
				-1046.4533800249453,
				41713.780475687883,
				105469.93032958495,
				4851.6342728261952,
				397.6247907377566,
				0.0,
				-3180.9171533096142,
				-12883.510658223111,
				4851.6342728261952,
				125946.27623092527,
				1046.4533800249453,
				3180.9171533096142,
				0.0,
				0.0,
				397.6247907377566,
				1046.4533800249453,
				183.0,
				0.0,
				0.0,
				-397.6247907377566,
				0.0,
				3180.9171533096142,
				0.0,
				183.0,
				0.0,
				-1046.4533800249453,
				-3180.9171533096142,
				0.0,
				0.0,
				0.0,
				183.0
			],
			"source_node_id" : 3,
			"target_node_id" : 5,
			"transformation" : 
			[
				0.9885729377179151,
				-0.15074330952022294,
				3.803502793423143e-05,
				0.0,
				0.15074330871899408,
				0.98857293830105375,
				2.3135973320001746e-05,
				0.0,
				-4.1087992510517655e-05,
				-1.7138071153889879e-05,
				0.99999999900903325,
				0.0,
				-1.1742155884920977,
				1.7987260266683922,
				-0.92158797361746125,
				1.0
			],
			"uncertain" : true,
			"version_major" : 1,
			"version_minor" : 0
		},
		{
			"class_name" : "PoseGraphEdge",
			"confidence" : 0.76126620589310345,
			"information" : 
			[
				12443.481084065219,
				1927.7243352894161,
				-4824.5073341191764,
				0.0,
				-326.63707162845702,
				-85.351581293323662,
				1927.7243352894161,
				25207.338306359514,
				-97.249222150337602,
				326.63707162845702,
				0.0,
				-1426.9062260324754,
				-4824.5073341191764,
				-97.249222150337602,
				34059.680017713836,
				85.351581293323662,
				1426.9062260324754,
				0.0,
				0.0,
				326.63707162845702,
				85.351581293323662,
				172.0,
				0.0,
				0.0,
				-326.63707162845702,
				0.0,
				1426.9062260324754,
				0.0,
				172.0,
				0.0,
				-85.351581293323662,
				-1426.9062260324754,
				0.0,
				0.0,
				0.0,
				172.0
			],
			"source_node_id" : 3,
			"target_node_id" : 6,
			"transformation" : 
			[
				0.95451924560654222,
				-0.29814909474742962,
				-0.00035646599438997247,
				0.0,
				0.29814909275384788,
				0.95451931090749254,
				-5.9956158250224617e-05,
				0.0,
				0.00035812954963389851,
				-4.9050705882501573e-05,
				0.99999993466862502,
				0.0,
				0.63643404530389025,
				-2.1017417687905513,
				-0.23809343558454854,
				1.0
			],
			"uncertain" : true,
			"version_major" : 1,
			"version_minor" : 0
		},
		{
			"class_name" : "PoseGraphEdge",
			"confidence" : 1.0,
			"information" : 
			[
				17606.664730721874,
				20232.766778311925,
				-3622.8527702989686,
				0.0,
				-158.04219864883922,
				-868.05777743937085,
				20232.766778311925,
				35377.238695180946,
				1978.4995008585886,
				158.04219864883922,
				0.0,
				-1396.7986759709524,
				-3622.8527702989686,
				1978.4995008585886,
				51372.224081984699,
				868.05777743937085,
				1396.7986759709524,
				0.0,
				0.0,
				158.04219864883922,
				868.05777743937085,
				81.0,
				0.0,
				0.0,
				-158.04219864883922,
				0.0,
				1396.7986759709524,
				0.0,
				81.0,
				0.0,
				-868.05777743937085,
				-1396.7986759709524,
				0.0,
				0.0,
				0.0,
				81.0
			],
			"source_node_id" : 4,
			"target_node_id" : 5,
			"transformation" : 
			[
				0.96651958189854192,
				-0.2565793155575285,
				0.0026367849165429809,
				0.0,
				0.25657743006628764,
				0.96652312412297736,
				0.0010358166526420315,
				0.0,
				-0.0028142827229554576,
				-0.00032459758051097066,
				0.99999598721653293,
				0.0,
				0.71172743644105618,
				2.7925916644156943,
				0.2623754651889682,
				1.0
			],
			"uncertain" : false,
			"version_major" : 1,
			"version_minor" : 0
		},
		{
			"class_name" : "PoseGraphEdge",
			"confidence" : 0.55653463682359161,
			"information" : 
			[
				18895.892662628703,
				5690.6766298064776,
				-2244.9048099122078,
				0.0,
				-179.20824346856082,
				-469.70276128049943,
				5690.6766298064776,
				12301.064467678643,
				385.87560489419536,
				179.20824346856082,
				0.0,
				-832.70593960995689,
				-2244.9048099122078,
				385.87560489419536,
				28547.669012928891,
				469.70276128049943,
				832.70593960995689,
				0.0,
				0.0,
				179.20824346856082,
				469.70276128049943,
				171.0,
				0.0,
				0.0,
				-179.20824346856082,
				0.0,
				832.70593960995689,
				0.0,
				171.0,
				0.0,
				-469.70276128049943,
				-832.70593960995689,
				0.0,
				0.0,
				0.0,
				171.0
			],
			"source_node_id" : 4,
			"target_node_id" : 6,
			"transformation" : 
			[
				0.917398011986299,
				-0.39796997828198327,
				-0.00088543199918651922,
				0.0,
				0.39797008737091266,
				0.91739839018477443,
				-5.6959396598226429e-05,
				0.0,
				0.0008349620204989468,
				-0.0003001210128741091,
				0.99999960638282381,
				0.0,
				2.6345652946245623,
				-1.4087288290535824,
				1.0328068590897481,
				1.0
			],
			"uncertain" : true,
			"version_major" : 1,
			"version_minor" : 0
		},
		{
			"class_name" : "PoseGraphEdge",
			"confidence" : 1.0,
			"information" : 
			[
				19389.933721347275,
				10407.568454227836,
				-2115.5828851613792,
				0.0,
				-149.66785203678563,
				-704.20329940524289,
				10407.568454227836,
				13768.679692287807,
				635.21018730573212,
				149.66785203678563,
				0.0,
				-697.34215432372287,
				-2115.5828851613792,
				635.21018730573212,
				31595.277387444075,
				704.20329940524289,
				697.34215432372287,
				0.0,
				0.0,
				149.66785203678563,
				704.20329940524289,
				104.0,
				0.0,
				0.0,
				-149.66785203678563,
				0.0,
				697.34215432372287,
				0.0,
				104.0,
				0.0,
				-704.20329940524289,
				-697.34215432372287,
				0.0,
				0.0,
				0.0,
				104.0
			],
			"source_node_id" : 5,
			"target_node_id" : 6,
			"transformation" : 
			[
				0.98857714215165915,
				-0.15071423374019827,
				0.00067361959896329495,
				0.0,
				0.1507146528979115,
				0.98857711217097866,
				-0.00062184688546282742,
				0.0,
				-0.0005722037409986501,
				0.00071626796092972265,
				0.99999957977145426,
				0.0,
				1.5251584836909753,
				-4.0490722901586329,
				0.68371922297048893,
				1.0
			],
			"uncertain" : false,
			"version_major" : 1,
			"version_minor" : 0
		}
	],
	"nodes" : 
	[
		{
			"class_name" : "PoseGraphNode",
			"pose" : 
			[
				1.0,
				-8.1725444520239134e-21,
				1.0842021724855044e-19,
				0.0,
				-7.6199878028384909e-21,
				1.0,
				-3.3881317890172014e-21,
				0.0,
				0.0,
				3.3881317890172014e-21,
				1.0,
				0.0,
				0.0,
				0.0,
				-3.4694469519536142e-18,
				1.0
			],
			"version_major" : 1,
			"version_minor" : 0
		},
		{
			"class_name" : "PoseGraphNode",
			"pose" : 
			[
				0.98792575333117527,
				-0.15491820786975938,
				-0.0017477915932184289,
				0.0,
				0.15490648867837861,
				0.9879135763455581,
				-0.0055448568480340084,
				0.0,
				0.0025856663293549256,
				0.0052071626200604487,
				0.99998309975073196,
				0.0,
				5.3630750024032992,
				-2.5369038630638481,
				-1.4633509609097262,
				1.0
			],
			"version_major" : 1,
			"version_minor" : 0
		},
		{
			"class_name" : "PoseGraphNode",
			"pose" : 
			[
				0.98081353230896084,
				-0.19494676586474871,
				-0.00075717798016119412,
				0.0,
				0.19493041751093534,
				0.98076899852181265,
				-0.0097110178422540223,
				0.0,
				0.0026357482109077837,
				0.0093771006923736161,
				0.99995256028172352,
				0.0,
				1.0461301178057654,
				4.0895973079285275,
				-2.1238662809006899,
				1.0
			],
			"version_major" : 1,
			"version_minor" : 0
		},
		{
			"class_name" : "PoseGraphNode",
			"pose" : 
			[
				0.99671496868534615,
				-0.080829569639105259,
				-0.0050844734755728354,
				0.0,
				0.080770940877169989,
				0.99667376428287113,
				-0.010838021038417408,
				0.0,
				0.0059435938945704312,
				0.010391740093430333,
				0.99992834014715848,
				0.0,
				0.4852770377932541,
				0.44859801214360168,
				-0.49845851704616134,
				1.0
			],
			"version_major" : 1,
			"version_minor" : 0
		},
		{
			"class_name" : "PoseGraphNode",
			"pose" : 
			[
				0.98191722782116597,
				-0.18927304693115285,
				-0.0037777524264045151,
				0.0,
				0.18922177927862507,
				0.98187205877302497,
				-0.011062479263303665,
				0.0,
				0.0058030987092267498,
				0.010147605935253875,
				0.99993167273527117,
				0.0,
				2.2781542589510666,
				1.5925185507973716,
				0.74759207689703622,
				1.0
			],
			"version_major" : 1,
			"version_minor" : 0
		},
		{
			"class_name" : "PoseGraphNode",
			"pose" : 
			[
				0.99755814979693891,
				0.069451839054565159,
				-0.0073606946445442991,
				0.0,
				-0.069528566601052097,
				0.99752216687230477,
				-0.010738017730671789,
				0.0,
				0.0065966809923154917,
				0.011223575647718871,
				0.99991525398383962,
				0.0,
				1.7748066100809705,
				-1.2448192231547621,
				0.45536797126843276,
				1.0
			],
			"version_major" : 1,
			"version_minor" : 0
		},
		{
			"class_name" : "PoseGraphNode",
			"pose" : 
			[
				0.97572952466656093,
				0.21882558417085202,
				-0.0082011222558178217,
				0.0,
				-0.21889521942863094,
				0.97570820039834971,
				-0.0088538458709537041,
				0.0,
				0.0060644542426006951,
				0.010434145278884938,
				0.99992717285162414,
				0.0,
				-0.60202113812825542,
				2.3704549411349056,
				-0.26708844723817782,
				1.0
			],
			"version_major" : 1,
			"version_minor" : 0
		}
	],
	"version_major" : 1,
	"version_minor" : 0
}